0.5 0.555659
0.511706 0.564074
0.523411 0.572523
0.535117 0.581006
0.546823 0.589523
0.558528 0.598071
0.570234 0.60665
0.58194 0.615258
0.593645 0.623895
0.605351 0.632559
0.617057 0.641249
0.628763 0.649965
0.640468 0.658705
0.652174 0.667467
0.66388 0.676251
0.675585 0.685056
0.687291 0.693881
0.698997 0.702724
0.710702 0.711584
0.722408 0.720461
0.734114 0.729353
0.745819 0.738259
0.757525 0.747178
0.769231 0.756108
0.780936 0.76505
0.792642 0.774001
0.804348 0.78296
0.816054 0.791927
0.827759 0.800901
0.839465 0.809879
0.851171 0.818862
0.862876 0.827847
0.874582 0.836835
0.886288 0.845823
0.897993 0.85481
0.909699 0.863797
0.921405 0.87278
0.93311 0.881761
0.944816 0.890736
0.956522 0.899705
0.968227 0.908668
0.979933 0.917622
0.991639 0.926567
1.00334 0.935502
1.01505 0.944425
1.02676 0.953336
1.03846 0.962233
1.05017 0.971115
1.06187 0.979982
1.07358 0.988831
1.08528 0.997663
1.09699 1.00647
1.1087 1.01527
1.1204 1.02404
1.13211 1.03279
1.14381 1.04151
1.15552 1.05021
1.16722 1.05888
1.17893 1.06753
1.19064 1.07615
1.20234 1.08474
1.21405 1.0933
1.22575 1.10183
1.23746 1.11032
1.24916 1.11878
1.26087 1.12721
1.27258 1.1356
1.28428 1.14396
1.29599 1.15227
1.30769 1.16055
1.3194 1.16879
1.3311 1.17698
1.34281 1.18514
1.35452 1.19325
1.36622 1.20131
1.37793 1.20933
1.38963 1.2173
1.40134 1.22523
1.41304 1.2331
1.42475 1.24093
1.43645 1.2487
1.44816 1.25642
1.45987 1.26409
1.47157 1.2717
1.48328 1.27926
1.49498 1.28676
1.50669 1.2942
1.51839 1.30159
1.5301 1.30891
1.54181 1.31617
1.55351 1.32337
1.56522 1.33051
1.57692 1.33758
1.58863 1.34459
1.60033 1.35153
1.61204 1.3584
1.62375 1.3652
1.63545 1.37193
1.64716 1.37859
1.65886 1.38518
1.67057 1.39169
1.68227 1.39813
1.69398 1.4045
1.70569 1.41078
1.71739 1.41699
1.7291 1.42312
1.7408 1.42918
1.75251 1.43514
1.76421 1.44103
1.77592 1.44683
1.78763 1.45255
1.79933 1.45819
1.81104 1.46374
1.82274 1.46921
1.83445 1.4746
1.84615 1.47991
1.85786 1.48513
1.86957 1.49028
1.88127 1.49535
1.89298 1.50035
1.90468 1.50526
1.91639 1.5101
1.92809 1.51487
1.9398 1.51957
1.95151 1.52419
1.96321 1.52873
1.97492 1.53321
1.98662 1.53762
1.99833 1.54195
2.01003 1.54622
2.02174 1.55042
2.03344 1.55456
2.04515 1.55862
2.05686 1.56263
2.06856 1.56656
2.08027 1.57044
2.09197 1.57425
2.10368 1.578
2.11538 1.58169
2.12709 1.58531
2.1388 1.58888
2.1505 1.59239
2.16221 1.59585
2.17391 1.59924
2.18562 1.60258
2.19732 1.60587
2.20903 1.6091
2.22074 1.61228
2.23244 1.6154
2.24415 1.61848
2.25585 1.6215
2.26756 1.62447
2.27926 1.6274
2.29097 1.63027
2.30268 1.6331
2.31438 1.63588
2.32609 1.63862
2.33779 1.64131
2.3495 1.64395
2.3612 1.64656
2.37291 1.64912
2.38462 1.65164
2.39632 1.65412
2.40803 1.65656
2.41973 1.65896
2.43144 1.66132
2.44314 1.66365
2.45485 1.66594
2.46656 1.66819
2.47826 1.67041
2.48997 1.6726
2.50167 1.67475
2.51338 1.67687
2.52508 1.67896
2.53679 1.68102
2.54849 1.68305
2.5602 1.68505
2.57191 1.68703
2.58361 1.68897
2.59532 1.6909
2.60702 1.69279
2.61873 1.69466
2.63043 1.69651
2.64214 1.69833
2.65385 1.70014
2.66555 1.70192
2.67726 1.70368
2.68896 1.70542
2.70067 1.70715
2.71237 1.70885
2.72408 1.71054
2.73579 1.71222
2.74749 1.71388
2.7592 1.71552
2.7709 1.71715
2.78261 1.71877
2.79431 1.72038
2.80602 1.72198
2.81773 1.72356
2.82943 1.72514
2.84114 1.72671
2.85284 1.72827
2.86455 1.72983
2.87625 1.73138
2.88796 1.73292
2.89967 1.73447
2.91137 1.736
2.92308 1.73754
2.93478 1.73907
2.94649 1.74061
2.95819 1.74214
2.9699 1.74368
2.98161 1.74522
2.99331 1.74676
3.00502 1.7483
3.01672 1.74985
3.02843 1.75141
3.04013 1.75297
3.05184 1.75454
3.06355 1.75611
3.07525 1.7577
3.08696 1.75929
3.09866 1.7609
3.11037 1.76251
3.12207 1.76414
3.13378 1.76578
3.14548 1.76744
3.15719 1.76911
3.1689 1.7708
3.1806 1.7725
3.19231 1.77422
3.20401 1.77596
3.21572 1.77772
3.22742 1.77949
3.23913 1.78129
3.25084 1.78311
3.26254 1.78495
3.27425 1.78682
3.28595 1.78871
3.29766 1.79063
3.30936 1.79257
3.32107 1.79453
3.33278 1.79653
3.34448 1.79855
3.35619 1.80061
3.36789 1.80269
3.3796 1.8048
3.3913 1.80695
3.40301 1.80913
3.41472 1.81134
3.42642 1.81359
3.43813 1.81587
3.44983 1.81819
3.46154 1.82054
3.47324 1.82294
3.48495 1.82537
3.49666 1.82784
3.50836 1.83035
3.52007 1.8329
3.53177 1.8355
3.54348 1.83814
3.55518 1.84082
3.56689 1.84354
3.5786 1.84632
3.5903 1.84913
3.60201 1.85199
3.61371 1.85488
3.62542 1.85783
3.63712 1.86081
3.64883 1.86383
3.66054 1.86689
3.67224 1.87
3.68395 1.87314
3.69565 1.87632
3.70736 1.87953
3.71906 1.88279
3.73077 1.88608
3.74247 1.88941
3.75418 1.89277
3.76589 1.89617
3.77759 1.8996
3.7893 1.90307
3.801 1.90657
3.81271 1.9101
3.82441 1.91366
3.83612 1.91726
3.84783 1.92088
3.85953 1.92454
3.87124 1.92822
3.88294 1.93194
3.89465 1.93568
3.90635 1.93946
3.91806 1.94325
3.92977 1.94708
3.94147 1.95093
3.95318 1.95481
3.96488 1.95871
3.97659 1.96264
3.98829 1.96659
4 1.97057
